0.226721 
0.571339 
0.286019 
0.169893 
-0.386233 
0.285994 
0.028812 
0.333437 
0.251895 
0.324099 
-0.022770 
0.142945 
0.196598 
-0.011250 
-0.024239 
0.894216 
0.162491 
0.122503 
0.256559 
0.906045 
0.380528 
-0.191680 
0.249443 
0.085464 
0.656280 
-0.203748 
0.546561 
0.684290 
0.191560 
0.578162 
-0.077906 
0.830407 
1.161348 
1.169910 
0.505956 
1.528388 
1.129266 
0.763349 
1.066669 
0.732578 
1.021969 
1.264983 
0.970830 
1.552885 
0.267203 
0.889688 
1.744063 
1.833178 
0.612686 
1.612760 
0.932231 
0.763813 
0.541823 
0.537334 
1.022394 
1.203669 
1.480035 
1.004159 
0.722454 
0.996789 
2.091223 
0.282346 
0.622032 
0.294240 
1.800734 
0.726858 
1.743708 
0.871562 
0.348038 
0.628362 
1.374938 
0.895554 
1.137615 
0.736846 
0.895413 
0.984519 
1.237805 
0.063638 
0.441339 
0.922991 
1.020197 
0.291861 
1.123718 
1.941704 
0.477903 
1.657124 
1.696194 
0.002318 
1.669034 
1.349242 
1.381743 
0.875796 
1.963277 
1.382808 
1.622086 
1.002715 
0.858689 
0.742989 
1.038981 
1.294937 
1.269406 
0.639523 
1.222545 
0.982478 
1.086447 
