2.075926 
2.137617 
1.583164 
2.023192 
2.802117 
2.223541 
2.729799 
1.978949 
1.987256 
3.459448 
2.315084 
2.691225 
2.473769 
1.715534 
2.268801 
2.394220 
2.401249 
3.402915 
2.794693 
1.792255 
2.506571 
3.646408 
2.169198 
2.405399 
2.704203 
2.156235 
2.577273 
1.837302 
2.989423 
3.093378 
3.514479 
2.913689 
3.290279 
3.644269 
3.763525 
2.549778 
2.091356 
3.876278 
3.028113 
1.988213 
3.579406 
3.114372 
3.540067 
3.378032 
2.276591 
3.891979 
2.264404 
3.502953 
4.495557 
3.008390 
1.984639 
3.102002 
2.861967 
2.556472 
3.763613 
2.541435 
3.335443 
3.581954 
3.682113 
2.144835 
1.821073 
2.647850 
4.098896 
3.693544 
3.078717 
3.276172 
3.313218 
2.831012 
3.160092 
2.035766 
3.406640 
2.667225 
3.099201 
3.057830 
2.625483 
2.101254 
3.633170 
2.990172 
3.381056 
2.349940 
4.763398 
3.485096 
3.696428 
2.393816 
4.138850 
3.244958 
2.506854 
2.610550 
3.771120 
4.184121 
3.257790 
2.655244 
4.508374 
3.245578 
3.176949 
2.829333 
2.876784 
2.833034 
2.724156 
2.245179 
4.043811 
4.422096 
2.757125 
3.827373 
2.729282 
