-0.016942 
-0.201246 
0.229386 
0.215821 
0.181826 
0.218292 
-0.242916 
0.024290 
-0.182411 
0.139776 
0.271174 
0.121800 
0.319467 
-0.165577 
0.002629 
0.507814 
-0.128030 
-0.013593 
-0.190318 
0.273881 
0.211607 
-0.268583 
-0.025093 
-0.116745 
-0.214519 
0.306058 
0.210563 
0.564752 
-0.059203 
0.492036 
0.450501 
0.531892 
0.440827 
0.810398 
0.148567 
0.641171 
0.634366 
0.104761 
0.765909 
0.311509 
0.438767 
0.399767 
0.235131 
0.311488 
0.081405 
0.321565 
0.532673 
0.464502 
0.318735 
0.448316 
0.894851 
0.523772 
0.458513 
0.662850 
0.229543 
0.544515 
-0.019411 
0.398971 
0.550614 
0.513030 
0.795100 
0.311880 
0.958472 
0.395914 
0.430985 
0.395907 
0.346635 
0.402482 
0.080369 
0.192557 
0.414142 
0.176605 
0.179565 
0.319814 
-0.039778 
0.659346 
0.294060 
0.407943 
0.007234 
0.784813 
0.281346 
-0.090131 
0.607315 
0.371024 
0.506419 
0.302269 
0.376789 
0.181147 
0.575266 
0.463229 
0.140804 
0.461852 
0.291741 
0.682628 
0.465066 
0.120685 
0.344317 
-0.001021 
0.415100 
0.518453 
0.476205 
0.517151 
0.449041 
0.364922 
0.345520 
