0.801668 
0.302091 
0.377303 
1.554399 
1.819086 
1.115483 
0.543713 
0.591752 
0.773087 
0.780412 
0.993687 
0.371387 
1.193183 
0.534375 
0.236590 
0.959514 
1.012890 
1.182775 
0.411269 
0.848899 
0.776807 
0.487541 
0.795434 
1.200852 
0.634145 
0.757302 
1.935086 
0.871192 
1.118086 
1.499343 
2.390087 
0.923612 
2.069346 
1.570930 
0.984383 
1.135764 
0.820970 
1.058813 
1.341070 
1.950121 
1.593796 
1.694334 
1.513403 
1.275011 
1.438227 
0.916702 
1.328689 
1.313165 
1.080513 
1.549711 
1.477350 
1.735946 
2.475336 
1.589242 
1.925502 
1.996104 
2.265452 
1.110689 
0.941425 
1.134240 
1.019072 
1.479438 
1.962335 
0.548189 
0.619151 
1.513982 
1.137000 
0.852963 
1.276612 
1.250565 
2.405445 
1.134246 
0.897001 
1.321748 
1.582114 
1.547306 
1.508493 
1.606341 
0.862057 
2.443252 
0.486776 
1.823392 
1.745936 
1.898728 
0.572286 
1.587638 
1.614518 
1.181842 
0.221086 
0.967625 
1.943363 
0.968616 
0.761654 
1.343135 
2.040594 
1.254351 
0.344249 
1.089177 
1.132987 
1.763874 
1.928195 
0.565936 
1.443195 
0.929752 
0.751699 
