1.285087 
1.620205 
1.890107 
1.347029 
2.443819 
1.259582 
1.682444 
1.769389 
2.035796 
1.227104 
1.844926 
1.606014 
1.142466 
1.642414 
2.130265 
1.466527 
1.540030 
2.490323 
1.684671 
2.593997 
0.965470 
1.323060 
2.301504 
1.545162 
0.847675 
1.607830 
0.509715 
1.847509 
1.139525 
1.927761 
1.346673 
0.599664 
0.687264 
2.104435 
0.484371 
1.456311 
0.920461 
1.361011 
0.252837 
1.053275 
1.071767 
0.931087 
0.919839 
0.680217 
1.608485 
1.336859 
0.659693 
0.905757 
0.911855 
1.275329 
1.400366 
0.614157 
0.987530 
1.147478 
0.340398 
0.557833 
0.530324 
0.939159 
0.833172 
1.112738 
1.155160 
0.843740 
1.535438 
0.953075 
1.399945 
0.509668 
0.721133 
1.122964 
1.163881 
1.200837 
1.197750 
1.476529 
1.670809 
1.266985 
0.629848 
1.164282 
0.826817 
0.990727 
0.815418 
1.367285 
1.143882 
0.998150 
1.395106 
0.640610 
1.164229 
0.910075 
1.208340 
1.067286 
0.618089 
0.988374 
0.821636 
0.542061 
0.993139 
0.624783 
0.382600 
1.193165 
0.396955 
0.893304 
1.154257 
0.844492 
0.344260 
0.803744 
0.845245 
0.967379 
0.564429 
