1.501286 
2.020777 
1.661433 
1.874119 
1.614335 
1.782428 
1.661958 
1.833378 
1.642787 
0.860178 
1.711343 
1.230021 
1.179058 
1.667493 
1.923216 
1.355705 
1.552094 
1.175215 
2.218177 
2.057227 
0.693848 
1.304671 
1.378649 
1.533030 
0.799657 
0.861710 
0.400914 
1.616930 
1.083239 
1.229917 
0.793319 
0.625013 
0.925381 
0.890672 
0.482838 
0.729353 
1.867071 
0.986357 
0.818188 
0.963264 
0.739207 
1.144276 
0.787036 
0.991878 
0.413592 
0.327009 
1.000434 
0.693891 
0.579034 
0.792408 
0.703831 
1.099749 
0.769006 
0.325649 
0.341803 
0.701778 
-0.054879 
0.699982 
0.963252 
1.760498 
0.722293 
0.442006 
0.952222 
0.475194 
1.153288 
0.450091 
0.994156 
1.128516 
1.355170 
0.582966 
0.612026 
1.056500 
1.141908 
1.185242 
0.361410 
0.828091 
1.027001 
1.325958 
1.345212 
1.231760 
0.387497 
1.184642 
1.475261 
0.323063 
1.212739 
1.085041 
1.484120 
0.504808 
0.813598 
1.072005 
1.011545 
0.631055 
0.481873 
0.623762 
0.840937 
1.868647 
0.459538 
0.435281 
0.771573 
0.525685 
0.416768 
1.014777 
0.980729 
1.413289 
1.249147 
