1.840120 
1.137449 
1.093171 
1.725287 
0.902306 
1.523892 
1.049907 
1.170407 
1.582945 
1.505032 
1.413799 
1.179279 
1.788571 
1.251705 
1.791762 
2.998750 
2.063713 
1.319714 
1.094625 
1.705231 
2.103121 
1.983847 
1.146243 
2.415825 
2.222614 
0.952945 
1.218140 
0.807615 
0.956589 
1.411098 
2.056026 
1.142264 
0.841863 
0.996995 
0.874500 
1.076456 
0.759378 
1.225083 
1.201401 
0.635960 
0.770678 
0.577957 
1.049833 
0.869144 
1.045882 
1.444782 
0.728032 
2.433514 
0.671724 
0.989288 
0.866434 
1.017783 
0.748173 
2.310229 
2.127971 
0.733211 
0.489512 
1.942872 
0.857089 
1.195667 
1.364948 
1.520438 
1.207371 
1.298060 
1.428866 
0.547546 
1.120677 
0.918984 
0.957361 
0.711972 
0.901767 
1.463508 
0.869899 
0.758172 
1.149422 
0.861599 
1.005591 
0.606950 
0.821529 
0.569910 
0.946521 
1.210125 
1.081758 
1.079209 
1.003555 
0.963200 
0.899983 
0.650359 
0.773590 
0.839329 
0.648303 
1.074387 
1.022846 
1.017912 
1.078386 
0.761868 
0.784932 
0.891028 
1.219703 
0.982560 
1.022784 
0.793604 
0.777992 
1.128834 
0.897258 
