1.362483 
2.064196 
1.290782 
1.927843 
1.424195 
1.816666 
1.855095 
1.499038 
1.998048 
2.185995 
1.729866 
2.242103 
2.264266 
1.968417 
2.342354 
1.846645 
2.720621 
2.211963 
1.753145 
2.474211 
2.027110 
1.776126 
1.445245 
1.768636 
2.790413 
0.743419 
0.747886 
1.209497 
1.395462 
1.096267 
1.273702 
1.730835 
1.375684 
1.638728 
0.484334 
0.912226 
1.229014 
0.969737 
1.396754 
1.225603 
0.930531 
1.820016 
2.216278 
0.803621 
1.100196 
1.705738 
0.565245 
0.886453 
1.161871 
0.605648 
0.740602 
1.088361 
1.172692 
0.975969 
1.284235 
1.030742 
2.020945 
1.654806 
0.735626 
1.125875 
1.423965 
1.674655 
1.850170 
1.461799 
2.417243 
0.997679 
1.571973 
2.047330 
1.533451 
1.502644 
0.993308 
1.126771 
1.153585 
2.308799 
0.722412 
0.674372 
0.841364 
1.294473 
1.412579 
1.370183 
1.327741 
1.311221 
1.669002 
2.218710 
1.194351 
1.369234 
1.974055 
0.717585 
1.357175 
0.900095 
1.318164 
1.250248 
1.024741 
1.789405 
1.326499 
1.939306 
0.576177 
0.798075 
1.497314 
1.095951 
0.894990 
0.995898 
1.180995 
1.038037 
1.050008 
