0.665472 
0.770836 
1.422200 
0.173480 
0.394068 
0.457931 
0.742895 
0.447331 
2.140646 
0.994066 
0.621888 
0.299062 
0.820043 
0.367163 
0.921644 
0.797810 
1.185773 
1.453292 
2.317237 
0.590055 
0.304135 
0.605856 
1.008884 
0.798169 
0.777080 
0.186518 
-0.180964 
0.153003 
0.871679 
1.187924 
0.268427 
1.283150 
0.431054 
0.972122 
0.254806 
0.870756 
1.308903 
1.050547 
0.582381 
0.388836 
0.584960 
1.484610 
0.560424 
0.796829 
0.376210 
0.601483 
0.063916 
0.694162 
0.633270 
1.381691 
0.335848 
0.413071 
0.259610 
1.029170 
0.089956 
0.232314 
0.034342 
0.084594 
0.561871 
0.258378 
1.112025 
0.375781 
0.381980 
0.621383 
0.509216 
0.331794 
1.382717 
0.490623 
0.436870 
0.602461 
1.315801 
0.327244 
0.804529 
0.882758 
0.671515 
-0.049633 
0.364460 
0.083553 
0.112733 
0.771323 
0.205899 
-0.033747 
0.149252 
0.140363 
-0.011036 
-0.033459 
0.532661 
0.684643 
-0.220544 
0.633008 
0.128068 
0.587835 
0.316887 
0.393805 
0.447008 
0.187782 
0.164271 
-0.029826 
0.167732 
0.918267 
0.702312 
0.363927 
-0.123790 
0.004756 
-0.087151 
