0.594918 
0.222487 
0.780231 
0.650385 
0.837055 
0.365286 
0.751915 
0.371331 
0.276487 
0.689848 
0.802700 
0.486447 
-0.034756 
0.281552 
-0.101571 
0.812488 
0.082321 
0.603963 
0.388342 
0.623427 
0.653284 
0.485879 
0.212308 
0.269230 
0.304083 
0.612684 
0.780103 
1.108184 
0.430413 
1.453075 
0.911970 
0.600920 
1.050466 
0.483985 
0.831897 
1.350676 
1.126753 
1.217944 
1.384782 
0.201011 
0.704265 
0.762479 
0.265590 
0.377152 
1.049555 
1.385369 
0.662267 
1.191682 
0.312020 
0.466046 
0.736431 
1.504386 
0.289088 
1.364979 
0.816156 
1.000674 
1.094192 
0.959082 
0.934482 
1.090281 
1.057775 
0.556017 
0.919868 
0.757394 
0.675935 
0.368060 
0.778725 
0.613792 
0.905565 
0.710836 
0.959720 
1.181090 
0.730711 
0.278766 
1.287704 
0.926351 
0.694469 
0.723697 
0.753757 
0.728786 
0.840582 
0.786259 
1.724761 
0.932865 
0.681766 
0.733522 
0.446656 
0.884560 
2.218322 
1.852932 
0.946565 
1.222864 
1.592300 
0.988432 
1.113280 
0.911950 
0.452855 
0.578995 
0.514392 
1.561064 
1.256348 
1.500094 
1.509656 
0.981836 
0.534248 
