1.447857 
0.935721 
2.596157 
1.053558 
1.273167 
1.124121 
1.265818 
2.118669 
1.050929 
1.186135 
0.864500 
1.041287 
0.875023 
0.779919 
1.696102 
0.896689 
0.525512 
0.702358 
1.355563 
1.654001 
1.426659 
0.774976 
0.862799 
0.796094 
0.789072 
1.596073 
2.560053 
2.250806 
3.069055 
1.369529 
1.907221 
2.296090 
1.899778 
1.702405 
1.341229 
1.574234 
1.408715 
1.958241 
1.390955 
1.732765 
1.915433 
1.762499 
1.149507 
2.287433 
1.451478 
1.649729 
1.505469 
2.629175 
2.402667 
0.849760 
2.436739 
2.035165 
0.860279 
2.811637 
1.075431 
2.050401 
2.620711 
1.036048 
1.270934 
1.819283 
1.704045 
2.383963 
1.641691 
2.868976 
1.491270 
3.009148 
2.246459 
2.382241 
1.804729 
1.414992 
0.989399 
1.212890 
2.105633 
1.368370 
1.141624 
0.697624 
1.656871 
2.663460 
1.207362 
1.518026 
1.516525 
3.006198 
1.592584 
0.880408 
1.869513 
2.121771 
1.269656 
1.677270 
2.711752 
1.457268 
2.057565 
3.134512 
2.473010 
2.593170 
2.681433 
1.457181 
2.139661 
1.545056 
1.235083 
1.920172 
1.657605 
2.826885 
1.259424 
1.877059 
2.129216 
