0.832963 
0.853799 
0.370795 
0.668281 
1.279653 
0.928200 
0.300134 
1.942810 
0.544844 
0.524989 
0.804658 
0.805511 
0.004828 
0.364519 
0.990008 
0.311457 
0.475797 
0.893355 
0.932447 
0.501477 
0.611797 
0.511813 
0.693607 
0.477710 
1.719251 
0.395686 
-0.290493 
0.466042 
0.019354 
-0.052621 
0.767692 
0.109747 
0.084965 
0.503097 
0.045615 
0.974259 
0.196762 
0.052075 
0.327599 
-0.145251 
0.567855 
-0.103089 
0.648215 
-0.164333 
0.578412 
0.028985 
0.982872 
0.235633 
0.906964 
0.380695 
0.292404 
0.015286 
0.566342 
0.407080 
0.817602 
0.277865 
0.232523 
0.274684 
-0.084197 
0.512936 
0.319160 
0.089836 
0.468850 
0.108349 
-0.219207 
-0.095657 
-0.303175 
0.285274 
0.141255 
0.521965 
0.308849 
-0.116627 
0.598604 
0.408691 
0.025051 
0.406899 
0.038132 
0.489753 
0.652153 
0.094507 
0.658006 
0.041393 
0.819622 
0.570978 
0.791625 
0.560185 
0.311524 
-0.075750 
0.454693 
-0.186281 
0.460319 
0.246266 
0.040643 
0.243343 
-0.351839 
0.036004 
-0.338512 
0.265047 
0.323911 
0.560791 
0.306211 
0.472889 
0.788799 
0.386436 
0.352748 
