0.462938 
0.831679 
1.026794 
1.218478 
0.957694 
0.765971 
0.675655 
1.413663 
1.385100 
0.811921 
1.996796 
1.202855 
1.189583 
0.603019 
1.382205 
0.794688 
1.258495 
1.303797 
1.148299 
1.289736 
1.416493 
0.558037 
0.910520 
0.865985 
2.259466 
0.556103 
0.235380 
0.854111 
0.939253 
0.461656 
0.881604 
1.005732 
0.549825 
1.437448 
0.590961 
1.487031 
0.745840 
1.071802 
1.295062 
1.390281 
0.280035 
0.261603 
0.908780 
0.320979 
1.486101 
1.400468 
0.510887 
0.601632 
0.091451 
0.396507 
0.620075 
0.963137 
-0.028526 
0.485952 
0.790269 
0.704236 
1.000941 
1.376622 
-0.013558 
1.159934 
0.652667 
0.416019 
1.652423 
0.294618 
1.661248 
0.206767 
0.894043 
1.112503 
0.721715 
0.801874 
0.951688 
0.641886 
0.350117 
1.307130 
0.441973 
0.428253 
-0.204924 
1.072719 
0.944817 
0.811511 
0.654191 
0.613348 
0.650078 
1.373009 
0.738247 
0.707991 
0.622738 
0.556801 
0.495670 
0.117482 
0.245040 
0.254224 
0.441196 
0.297669 
0.026816 
0.984395 
0.352763 
0.355101 
0.297787 
0.468962 
0.655355 
0.397082 
0.560285 
1.369285 
0.235883 
