1.043100 
0.220629 
0.535197 
-0.009107 
0.834529 
0.845355 
0.018714 
0.685785 
0.776097 
0.967959 
0.010158 
0.803122 
0.467775 
0.540178 
0.429179 
0.437117 
0.705882 
0.796134 
0.828681 
0.417840 
0.714789 
0.806584 
0.458562 
0.572812 
0.244150 
0.877680 
1.187241 
1.086971 
1.934801 
0.992692 
0.768444 
1.204104 
1.067415 
1.085705 
2.428659 
1.937926 
0.762280 
0.154129 
0.768512 
1.072606 
1.389316 
1.443910 
0.488601 
1.190827 
0.678037 
1.391987 
2.182954 
1.125131 
0.460893 
1.980663 
0.989993 
1.964204 
0.930484 
0.997175 
0.680620 
0.144893 
1.094080 
0.724380 
0.313806 
0.043419 
0.068486 
1.452343 
0.721366 
0.449697 
0.459799 
1.039672 
0.896175 
1.568547 
1.522186 
0.780857 
0.645977 
1.295423 
1.963210 
1.547910 
0.948805 
0.362478 
2.421028 
0.360023 
1.418439 
1.849963 
1.510245 
0.578229 
1.106935 
1.437669 
1.551384 
0.654222 
1.199210 
1.285306 
0.892807 
1.294015 
1.122797 
0.740990 
1.976512 
0.655341 
1.786023 
0.183392 
0.852236 
1.819435 
0.766949 
1.572355 
0.994976 
1.478025 
0.384471 
1.252606 
0.533052 
