0.212199 
0.400405 
0.629344 
0.297670 
0.180295 
0.613020 
0.227206 
1.014409 
0.619340 
0.294958 
0.164755 
0.549847 
0.541759 
0.916537 
0.457338 
0.641514 
0.241552 
0.170891 
0.779153 
0.470853 
0.456849 
0.382351 
0.302508 
0.147500 
0.613031 
0.043633 
0.916736 
1.076877 
0.800763 
0.578539 
0.463749 
1.354386 
1.020374 
0.129163 
0.688988 
1.383208 
0.240831 
0.739882 
0.673262 
0.630126 
0.494275 
0.877281 
0.999458 
0.452018 
0.904243 
0.243006 
1.373948 
0.207463 
0.552965 
0.364151 
0.971146 
0.703159 
0.675543 
0.889058 
0.757296 
1.046723 
0.852064 
0.596225 
0.836292 
0.730861 
0.679704 
0.719109 
0.289165 
0.571537 
0.805524 
0.670591 
0.479471 
0.207628 
0.371842 
0.699919 
0.772081 
0.896354 
0.530869 
0.209633 
0.466357 
0.785781 
0.852039 
0.838363 
1.146102 
1.114752 
1.098230 
0.936866 
0.989635 
1.022544 
1.101089 
0.585777 
0.843467 
0.814353 
0.854648 
0.786121 
0.564007 
0.698105 
1.032316 
0.457235 
0.717370 
0.278435 
0.967799 
0.847839 
1.195205 
1.024574 
1.122353 
0.416403 
0.359431 
0.847644 
1.214743 
