1.461443 
1.152830 
2.092914 
1.356116 
1.850644 
1.330972 
2.203463 
1.098266 
1.064969 
1.461028 
0.811440 
1.593855 
1.239814 
1.868941 
0.683652 
1.535242 
1.530779 
1.905004 
1.963570 
2.761691 
2.104669 
1.509846 
1.852457 
1.889755 
1.972009 
2.665726 
2.497939 
1.780660 
1.860185 
2.311523 
3.351070 
2.605201 
2.736790 
2.178169 
2.544968 
2.085550 
2.268081 
2.109727 
2.505817 
1.816178 
2.364905 
2.057734 
1.465528 
1.951530 
3.013736 
2.076782 
1.992105 
2.314484 
2.289763 
2.460682 
2.208730 
2.526714 
2.819269 
1.611153 
1.923731 
2.874458 
1.958402 
2.397045 
2.197771 
1.771318 
2.463556 
1.553461 
2.566333 
1.979901 
1.822893 
2.265753 
2.371791 
2.635207 
2.656990 
1.875276 
2.387469 
2.546230 
2.145391 
2.100927 
1.726948 
3.540044 
1.886963 
2.314060 
2.001779 
2.454314 
1.935365 
2.122278 
2.299785 
2.765421 
1.641154 
2.279572 
2.458893 
1.629983 
1.995442 
1.885840 
1.958600 
1.518511 
2.134634 
2.613718 
1.863614 
3.280650 
1.435314 
1.791875 
1.885675 
1.652188 
2.011078 
1.743089 
1.561428 
1.453877 
2.644038 
