0.356188 
0.317874 
0.635378 
0.230561 
0.187873 
0.356173 
0.598492 
0.491956 
0.280589 
0.372274 
0.127374 
0.060327 
0.318524 
-0.121073 
0.258152 
0.533057 
0.356699 
0.364298 
0.120233 
1.118637 
0.483754 
0.029013 
0.016563 
0.332194 
0.528100 
0.508969 
0.775307 
0.835627 
0.840706 
0.610277 
0.587207 
0.697413 
0.660089 
0.706469 
0.473274 
0.665433 
1.039208 
0.550090 
1.159641 
0.794377 
1.450928 
1.005911 
0.660968 
1.059538 
1.032152 
0.936273 
0.981252 
0.576420 
1.146563 
0.318656 
0.625727 
0.944026 
1.101136 
0.908813 
0.806582 
0.924287 
1.054528 
0.986581 
1.383720 
1.003283 
0.900306 
0.275443 
0.941284 
0.853096 
1.179974 
1.176724 
0.930104 
1.151316 
0.657649 
1.417169 
1.229820 
1.150248 
1.273086 
0.750872 
0.901496 
1.117588 
0.810296 
1.102672 
0.517545 
0.763132 
0.674281 
1.532901 
0.696197 
1.026970 
0.969579 
1.331922 
0.510092 
1.006440 
1.298328 
1.014334 
0.608538 
1.015246 
1.194099 
0.852514 
0.919719 
1.089890 
0.808573 
0.737779 
0.769210 
0.870759 
1.094224 
0.835175 
0.177412 
1.129214 
1.362785 
