1.106482 
1.154286 
0.868654 
0.782490 
1.065204 
0.986261 
1.480968 
0.860606 
1.436049 
1.266456 
0.874848 
0.529162 
0.944052 
0.301493 
0.429698 
1.285149 
0.352999 
0.769687 
0.646991 
1.601915 
1.407200 
1.505365 
0.835112 
0.752777 
0.285377 
1.750572 
2.754056 
2.034860 
1.946970 
2.184459 
1.340462 
1.505925 
1.788621 
1.574619 
2.234446 
3.051708 
1.560361 
2.025398 
1.823954 
1.620279 
1.019687 
0.606775 
1.128752 
1.576079 
1.629406 
1.193646 
1.290674 
1.252707 
1.777815 
1.292624 
1.851394 
3.389201 
1.526460 
1.896873 
1.008450 
1.827811 
1.917617 
0.588811 
3.065264 
1.494166 
1.455695 
2.766236 
1.460231 
3.230779 
1.665154 
1.454072 
1.204578 
1.955547 
1.879456 
2.692362 
0.893227 
1.607275 
2.176224 
0.912418 
1.316142 
1.856228 
1.821510 
2.159984 
0.897073 
0.884213 
3.631671 
1.022563 
1.008494 
1.540733 
1.243501 
1.615271 
1.154046 
1.202774 
2.709916 
1.747409 
2.252959 
2.670682 
2.093057 
2.156649 
2.708404 
3.082738 
1.660035 
1.416014 
1.264192 
2.697513 
2.328506 
2.900976 
1.480006 
2.356799 
2.178810 
