0.452327 
0.770205 
0.334232 
0.596041 
0.584314 
0.387673 
1.327840 
0.637207 
0.504583 
0.731660 
0.489422 
0.503640 
0.577990 
0.568829 
0.305530 
0.537648 
0.761657 
1.056752 
0.817415 
0.626380 
0.870993 
0.588258 
0.475922 
0.664706 
0.340445 
0.766101 
0.695639 
1.113413 
1.433874 
0.863455 
0.733816 
1.418277 
1.584334 
1.520438 
1.123151 
1.381647 
1.495594 
1.503728 
1.738233 
0.782505 
1.145639 
1.444262 
1.020558 
1.386184 
1.460941 
1.115932 
1.438662 
0.459421 
1.336124 
1.213721 
1.323436 
1.284432 
1.683610 
1.436755 
0.717311 
0.829599 
1.377460 
0.906518 
1.453218 
1.126832 
0.784695 
0.955130 
0.698900 
1.381805 
1.241339 
1.304812 
1.052680 
1.503936 
1.171027 
1.357777 
1.462393 
1.222006 
2.371363 
2.048394 
0.948505 
1.207315 
1.755587 
1.717653 
1.359687 
0.906493 
1.725059 
1.453513 
1.548435 
0.601780 
1.184697 
1.527645 
1.408881 
0.990065 
1.417090 
2.179760 
0.674844 
1.589427 
1.342604 
1.486175 
1.021877 
1.720114 
0.764404 
1.052566 
0.952159 
0.933148 
0.852034 
1.598323 
0.967685 
1.126276 
1.804881 
