2.598357 
1.745980 
1.061197 
1.822514 
2.247017 
1.207304 
3.030740 
1.838515 
1.346389 
1.654917 
1.797503 
1.470230 
1.632180 
1.509255 
1.417958 
1.102372 
1.706339 
1.534183 
1.784758 
1.565417 
1.694360 
1.720405 
1.139445 
2.031870 
1.440815 
1.711239 
1.652740 
2.709820 
2.228386 
2.257150 
1.743804 
2.253918 
2.106529 
1.893379 
1.991878 
2.809272 
3.414351 
2.637746 
2.629670 
1.785482 
1.981756 
2.498887 
1.775149 
2.129111 
2.574719 
1.876736 
2.438487 
1.828349 
2.125142 
2.448787 
2.778230 
2.168136 
2.179922 
1.697615 
1.585454 
1.704896 
2.609906 
2.302682 
2.298905 
2.392973 
2.200087 
2.183932 
1.807854 
2.108009 
3.034337 
3.084090 
2.465304 
2.309034 
2.366118 
2.759545 
2.153386 
2.013644 
2.895087 
2.322316 
2.066438 
2.281025 
2.850913 
2.095996 
2.132329 
2.448892 
2.095197 
2.129154 
2.048848 
1.811911 
1.908474 
2.262980 
1.908756 
3.203016 
2.329111 
2.379761 
1.968870 
2.314656 
2.014064 
2.160255 
1.147348 
1.850959 
2.397164 
1.828505 
1.836216 
2.232725 
1.799671 
2.253570 
2.477193 
2.423362 
2.733668 
