1.121927 
1.214459 
0.981265 
1.781881 
1.298632 
1.771170 
1.212967 
2.330130 
1.609144 
1.200491 
1.491749 
1.415516 
1.560423 
1.946906 
1.955279 
1.479509 
2.011844 
1.915124 
1.727588 
2.209151 
1.437129 
1.325905 
1.607021 
2.319272 
1.202038 
0.997820 
1.164145 
0.721997 
0.951257 
1.197520 
1.323602 
0.735657 
1.000543 
0.969746 
1.151742 
1.355991 
1.307708 
0.889013 
1.044802 
0.802202 
1.058443 
1.310397 
1.496795 
1.231336 
0.971429 
1.138298 
1.241773 
1.115422 
0.930955 
0.947077 
1.203407 
1.075326 
0.960686 
1.213157 
1.170429 
0.884631 
0.966818 
0.874357 
1.550275 
1.338190 
0.933604 
1.113016 
1.675678 
1.118047 
1.330190 
1.243304 
1.332280 
1.110017 
0.867228 
1.285825 
0.712880 
0.857809 
1.296782 
0.976111 
1.360069 
1.648481 
1.322536 
1.498547 
1.638576 
1.214714 
0.957688 
1.086422 
1.516812 
0.639576 
1.393999 
1.395203 
1.298883 
1.365410 
1.009177 
1.370025 
1.109283 
1.436353 
0.962778 
1.577158 
1.035732 
1.282692 
1.505316 
0.820056 
1.654548 
1.585481 
1.189872 
1.487195 
1.461166 
1.651555 
1.645146 
