0.029870 
0.447711 
0.234887 
0.059811 
0.417313 
0.410242 
0.298035 
-0.007585 
0.213413 
0.227516 
0.395161 
0.347465 
0.866951 
0.302317 
0.067672 
0.993217 
0.405760 
0.155038 
0.214287 
0.778633 
0.521414 
0.428833 
-0.131162 
0.450169 
0.482908 
0.370505 
0.657212 
0.790294 
0.685995 
0.827446 
0.448775 
1.261927 
0.965605 
0.993983 
0.937384 
0.807658 
0.995477 
0.916437 
1.115994 
0.644213 
0.689914 
1.241554 
0.882875 
1.293308 
1.181395 
0.908179 
0.974962 
0.072669 
1.124301 
0.613633 
0.844627 
1.170605 
0.905621 
1.187641 
0.674849 
0.730743 
1.622909 
1.340077 
0.676272 
0.551090 
1.209005 
0.389134 
0.743490 
1.354955 
0.750091 
0.785934 
1.168327 
1.028398 
0.511279 
0.362919 
0.539929 
1.312814 
0.933383 
0.260587 
0.641417 
0.874498 
0.912544 
0.720651 
0.894134 
0.866288 
0.559579 
1.111334 
0.741724 
1.047191 
0.728773 
0.503614 
0.500268 
0.739279 
0.897025 
0.743535 
0.914528 
0.827703 
1.822193 
1.509057 
1.072523 
0.788618 
0.745542 
0.776885 
0.870918 
0.523650 
0.743673 
0.783490 
0.897048 
0.864798 
1.268467 
