0.698226 
0.574833 
0.539582 
0.095165 
0.615253 
0.174286 
0.550063 
0.446549 
0.519747 
0.838248 
0.903812 
0.371868 
0.807315 
1.072935 
0.549875 
1.150938 
0.264659 
0.543279 
0.492103 
1.208442 
0.999484 
0.649678 
0.303682 
-0.095694 
0.485814 
0.772727 
0.988934 
0.413587 
0.829850 
0.461580 
0.778324 
0.852047 
1.690563 
0.638461 
0.989652 
0.878778 
0.574550 
0.825259 
1.278583 
1.629298 
0.193162 
1.172856 
0.428317 
1.445501 
-0.259165 
1.148077 
2.001131 
0.288930 
1.217886 
0.121995 
0.631119 
0.964741 
-0.282650 
1.057394 
0.726667 
0.662891 
1.065969 
0.615181 
1.337067 
-0.052880 
1.063329 
1.205741 
1.372064 
1.359327 
0.959099 
0.283853 
0.764033 
1.472516 
0.845853 
0.842453 
0.031138 
1.989779 
0.744524 
0.836379 
1.170870 
1.157612 
0.906039 
0.613054 
0.761268 
0.816260 
0.715094 
2.203811 
0.843991 
1.439950 
0.678323 
2.124843 
1.293969 
1.574931 
1.821101 
0.901872 
1.127864 
1.884990 
2.072775 
1.036374 
1.566071 
1.697278 
1.177869 
0.592889 
1.077048 
1.008280 
1.792804 
1.399755 
1.130104 
1.511651 
0.546710 
