1.695596 
2.177814 
2.132066 
2.523646 
2.827950 
2.460981 
2.426677 
2.384423 
2.059058 
2.058859 
2.510408 
2.280482 
2.701768 
2.900138 
3.151029 
1.650475 
2.595391 
2.201973 
2.431879 
2.035460 
2.249939 
2.122581 
2.677161 
1.987612 
3.224021 
1.958592 
1.528519 
1.075577 
1.747274 
1.654184 
1.942536 
1.614552 
1.236250 
1.779294 
1.698808 
1.212536 
1.398214 
1.188665 
1.432338 
1.871574 
1.756055 
1.241830 
1.317258 
0.898406 
1.366549 
1.793118 
1.658785 
1.816733 
1.299307 
1.136963 
1.324885 
1.465910 
1.658445 
1.543197 
1.403138 
1.292786 
1.103283 
1.225438 
1.536289 
1.802581 
1.413577 
2.159978 
1.717531 
1.378322 
1.557840 
1.820521 
1.985125 
1.576537 
1.907296 
2.284258 
1.201918 
2.370713 
1.133205 
1.623218 
1.071512 
1.159902 
1.234810 
1.568003 
1.768395 
1.682674 
1.222438 
1.716999 
1.460855 
1.906226 
1.480342 
1.430212 
1.829514 
1.879270 
1.029387 
1.132565 
1.804589 
0.959726 
1.472020 
1.079018 
1.670367 
1.377203 
1.749001 
1.251408 
1.761241 
1.398227 
1.375659 
1.559867 
1.497466 
1.875606 
1.226379 
