0.330473 
0.652770 
0.636724 
-0.164684 
0.359864 
0.552617 
0.427766 
0.730295 
0.832243 
0.241945 
0.468611 
0.531011 
0.094068 
0.379630 
0.000820 
0.256330 
0.937322 
1.070838 
0.617693 
0.562644 
1.033617 
0.426726 
0.628223 
0.102375 
-0.087177 
1.110685 
0.859088 
1.266892 
0.786286 
0.708385 
0.174032 
0.896668 
1.789818 
1.872193 
1.097925 
1.708585 
1.337277 
1.143231 
1.628609 
1.530546 
1.329309 
1.485515 
0.675629 
1.113048 
1.646743 
0.769702 
1.117716 
1.370953 
1.479080 
0.966922 
1.231396 
0.898847 
1.079642 
0.570657 
0.504708 
1.089433 
0.843346 
0.553069 
0.961714 
0.837747 
0.451918 
0.607630 
0.704539 
1.291594 
1.119750 
1.001762 
0.885723 
0.750512 
0.824784 
1.441897 
1.180406 
1.482387 
1.233229 
0.945018 
1.401857 
0.453633 
0.937179 
1.150232 
1.093664 
1.016166 
1.174164 
1.129627 
1.081852 
0.714465 
1.120600 
0.755270 
0.831989 
1.021704 
1.040682 
0.923541 
1.109407 
0.864994 
0.949870 
0.682636 
1.010184 
2.165345 
0.690039 
1.112929 
0.966291 
0.821492 
1.529291 
1.099801 
1.443910 
1.054240 
1.227731 
