1.224794 
1.031775 
1.466097 
1.200108 
0.960579 
1.198002 
1.153293 
1.308730 
1.297603 
1.287187 
1.374653 
1.437509 
1.664240 
1.665554 
1.026220 
1.541008 
1.249340 
1.386102 
1.353012 
1.520514 
1.424782 
1.635505 
1.408087 
1.412122 
1.192877 
1.344596 
1.532707 
1.318226 
2.490450 
1.741917 
1.222991 
1.738796 
1.898828 
2.274270 
1.993145 
2.254101 
1.859474 
1.779908 
2.276070 
1.669293 
1.693380 
1.565349 
1.923580 
1.824601 
1.549917 
2.303594 
2.134407 
1.697124 
1.970831 
1.701381 
2.373864 
1.600604 
1.764519 
2.151434 
1.595649 
1.425600 
1.899419 
2.088156 
1.655797 
1.448498 
1.399149 
1.687303 
2.063536 
2.010295 
1.461064 
1.088917 
1.389182 
2.176290 
2.379349 
1.191959 
2.148761 
1.954177 
2.000019 
1.947608 
1.668554 
1.628696 
1.446992 
0.669675 
1.353274 
1.681415 
1.665188 
1.712580 
1.657859 
1.839333 
1.388307 
1.941882 
1.983504 
2.065983 
2.100198 
1.927681 
1.899024 
1.698350 
2.210621 
2.713231 
1.942914 
1.217127 
1.896140 
1.225249 
1.533612 
0.873927 
2.250074 
2.561087 
1.923702 
1.970320 
2.153365 
