3.710265 
3.419667 
2.347590 
3.483598 
3.468563 
2.855504 
2.334762 
1.876458 
2.877569 
2.802252 
3.290934 
3.033294 
2.282711 
3.740011 
2.913660 
3.342439 
3.911566 
3.156193 
4.255008 
3.322012 
4.051994 
2.619612 
1.824673 
3.979790 
3.758472 
2.789320 
3.314203 
1.657965 
3.444826 
3.316471 
2.855760 
1.345495 
1.983060 
2.283368 
3.357647 
4.864735 
1.847206 
1.993533 
2.878748 
1.648005 
1.309830 
1.818848 
3.562940 
2.006591 
3.163261 
2.182347 
1.912895 
2.970969 
1.993092 
2.324755 
3.623380 
1.906501 
2.747212 
1.612697 
2.058096 
1.419906 
1.963175 
2.932021 
2.433387 
3.093063 
3.237683 
3.361707 
4.464210 
2.251646 
3.509185 
2.703609 
2.224301 
3.247094 
2.679174 
2.618312 
2.151224 
1.968700 
1.528323 
3.326789 
1.458287 
3.029395 
2.212493 
2.963530 
2.081919 
2.708190 
2.187931 
2.529237 
1.900153 
1.074807 
3.272353 
2.212126 
1.950818 
1.751300 
1.995486 
2.160346 
1.825306 
2.418154 
2.507831 
2.525115 
2.250029 
1.406388 
2.253577 
2.446412 
1.796557 
2.807562 
2.336595 
2.067939 
2.668767 
1.664283 
1.378953 
