1.216798 
0.607522 
1.318745 
0.718261 
1.245595 
1.103600 
1.986314 
1.099449 
1.333892 
0.813761 
1.225699 
1.360505 
1.006499 
0.886161 
1.384163 
1.519071 
1.014227 
0.616248 
0.966379 
1.033708 
0.903200 
1.121466 
0.864032 
0.856157 
1.053898 
0.955532 
0.716065 
0.814902 
0.548665 
0.659397 
0.472245 
0.792863 
0.598209 
0.461841 
1.134872 
0.475098 
0.684125 
0.681185 
0.539809 
0.130654 
0.580216 
0.810245 
0.671525 
0.578143 
0.360911 
0.772148 
0.586062 
0.945766 
0.531815 
0.572725 
0.962501 
1.120032 
1.078355 
0.982688 
0.567403 
0.746473 
0.482258 
0.952394 
0.874202 
0.452494 
1.093174 
0.854383 
0.430459 
0.671878 
0.653938 
0.703368 
0.434926 
0.793240 
0.115111 
0.160460 
0.520214 
0.653184 
1.007876 
0.699928 
0.712005 
0.493663 
0.504209 
0.901407 
0.610810 
0.668563 
0.427684 
0.611358 
0.761476 
0.783414 
0.704650 
0.506512 
1.278551 
0.265996 
1.104056 
0.787533 
0.541476 
0.615748 
0.391717 
0.319755 
0.410256 
0.860792 
0.645506 
0.893908 
0.589877 
1.456016 
0.157556 
0.741625 
1.119011 
0.542260 
0.479513 
