4.440032 
6.986614 
5.767858 
4.510377 
5.478360 
5.735523 
4.445882 
5.681368 
4.431293 
5.147608 
5.832833 
5.340809 
6.392586 
6.024887 
3.999057 
5.463089 
3.161078 
5.040865 
5.969337 
5.873418 
5.595043 
6.940496 
4.366441 
4.510803 
5.091323 
5.344147 
3.635614 
3.262877 
3.504610 
4.657762 
4.766579 
3.679311 
3.488538 
4.690746 
3.804529 
5.746337 
4.916122 
3.223847 
3.798415 
3.460173 
4.188124 
3.246487 
2.881555 
4.105097 
5.277984 
4.544900 
3.951481 
5.084861 
3.005102 
2.449487 
3.743153 
4.075094 
4.279366 
5.200081 
3.647354 
4.649359 
3.100242 
4.205615 
5.167557 
4.884778 
4.992283 
5.786904 
3.980428 
3.764139 
4.349944 
4.284035 
4.454009 
5.035581 
3.684179 
5.203198 
3.333958 
3.226624 
4.479561 
3.421873 
3.306671 
5.530669 
2.295607 
4.916703 
4.385060 
3.971142 
4.426653 
5.250583 
4.509686 
3.273826 
4.613716 
4.013446 
4.882876 
4.013606 
4.387093 
3.299695 
3.261333 
4.396329 
3.799259 
3.723676 
4.502605 
4.389863 
5.117225 
4.227122 
2.934704 
4.365124 
4.067523 
4.204901 
4.435780 
3.180113 
3.252094 
