2.746554 
1.846595 
1.725867 
1.955638 
1.637005 
1.820939 
1.052154 
1.866852 
1.868018 
1.210245 
1.556511 
1.537188 
1.225514 
1.560343 
2.137028 
1.433387 
1.269227 
0.854806 
1.418901 
2.295676 
1.560778 
1.348196 
0.768157 
0.973788 
1.492583 
1.335286 
3.087365 
1.737620 
2.905569 
1.573635 
1.521802 
1.453807 
2.037088 
1.725797 
2.206590 
2.997678 
2.060623 
2.498762 
2.639141 
2.408228 
3.260989 
1.965000 
2.319406 
3.319281 
1.300676 
1.339921 
2.847582 
1.432615 
3.232521 
1.114963 
1.492723 
1.837258 
1.134079 
1.887027 
1.814632 
1.443432 
2.353900 
1.820829 
2.690525 
1.067415 
2.016724 
3.135453 
1.442238 
3.130848 
3.097089 
2.225626 
1.434011 
2.223736 
2.353995 
2.476884 
2.555984 
2.341061 
3.283473 
1.622780 
2.113640 
1.964020 
3.094725 
2.872674 
1.847526 
2.250196 
2.633424 
2.573526 
1.385260 
2.853918 
2.486547 
3.595687 
2.416681 
1.699263 
2.975123 
2.874943 
3.084576 
3.718889 
2.539461 
3.064113 
2.859688 
3.190409 
1.203113 
2.901909 
2.075279 
1.823466 
3.371059 
3.473177 
1.636923 
3.041702 
2.401953 
