1.690804 
2.353596 
1.819183 
1.152757 
1.826391 
1.100087 
0.498245 
1.957176 
2.775399 
1.827988 
1.917609 
0.715724 
1.123907 
2.013824 
2.062829 
0.761797 
1.993009 
1.064964 
0.723032 
0.839976 
1.945597 
1.064620 
2.335203 
0.609947 
2.880657 
1.521741 
1.069077 
0.186731 
1.030653 
0.854624 
0.862747 
0.609600 
1.301617 
0.928291 
0.546824 
1.000524 
1.196032 
-0.074970 
1.111428 
0.647495 
0.416169 
0.954149 
1.188607 
0.955660 
0.971965 
1.158528 
1.256738 
0.624453 
1.100210 
0.676160 
0.585028 
0.917661 
0.884552 
0.861135 
1.202145 
0.535845 
0.666768 
1.103891 
0.288648 
0.915035 
0.410514 
1.495487 
0.536715 
0.529058 
0.477671 
0.778253 
1.105983 
0.750559 
0.601675 
0.787736 
1.020628 
1.049552 
0.245899 
0.772044 
0.889161 
1.152028 
1.093266 
1.005059 
1.291744 
0.694256 
0.406834 
1.076568 
0.641734 
0.582652 
1.353284 
0.366869 
1.462865 
0.883305 
0.185874 
0.998684 
0.954753 
0.964301 
0.916765 
0.997285 
0.799119 
0.005862 
0.655907 
0.470815 
0.754869 
0.816057 
0.232878 
1.013193 
1.087892 
0.689632 
1.244145 
