1.445612 
1.672651 
1.481312 
1.111014 
1.468802 
1.249276 
1.351447 
1.374947 
1.657518 
0.802462 
2.019247 
1.406111 
1.013495 
1.408904 
1.215765 
1.044973 
0.853227 
1.203721 
0.932906 
1.377709 
0.801251 
1.526428 
0.938605 
1.322332 
1.087953 
1.239300 
0.913565 
1.075843 
0.492052 
0.806332 
1.060869 
0.877441 
0.477164 
0.748044 
1.029272 
0.796776 
0.491403 
0.826543 
0.425596 
0.609417 
0.512598 
1.295894 
0.458191 
1.069658 
0.820109 
0.574732 
1.171218 
0.590670 
0.711106 
0.687941 
0.541762 
0.714329 
0.901636 
1.084180 
0.842466 
0.508534 
0.944160 
0.881648 
0.518756 
1.100786 
0.849863 
0.827802 
1.229360 
0.615780 
0.900084 
0.298061 
0.990282 
0.500614 
0.547129 
0.604756 
1.228644 
0.796173 
0.798322 
0.971691 
0.927746 
0.845783 
0.889713 
0.532108 
0.791582 
1.302430 
1.250535 
0.781297 
0.964579 
1.069021 
0.824852 
0.781542 
0.882966 
1.078763 
0.416059 
0.635157 
1.331724 
0.759503 
0.564311 
0.869303 
1.079419 
0.932279 
1.192316 
1.004719 
0.466000 
0.841372 
1.216786 
0.931294 
1.316923 
1.232995 
0.979146 
