2.003092 
1.290593 
1.582588 
3.457241 
2.234417 
2.869216 
1.790071 
0.992018 
1.618248 
1.848331 
1.140817 
1.743300 
1.808293 
1.484265 
1.673517 
2.015029 
1.597743 
2.596879 
1.929041 
2.778496 
0.790937 
1.967387 
0.867984 
1.984298 
3.200205 
2.255303 
1.850409 
0.952175 
1.360484 
1.664211 
1.827963 
1.358711 
0.388444 
1.405279 
1.430206 
1.345661 
1.226592 
1.188518 
0.641647 
0.856331 
0.408902 
1.434164 
0.952975 
1.168793 
0.757851 
1.298820 
0.629663 
0.654613 
0.761579 
0.590537 
0.622583 
0.527326 
0.185467 
1.223713 
0.903022 
0.879120 
0.504184 
0.964160 
1.101400 
0.986708 
1.913068 
1.415170 
1.926203 
1.060522 
1.740127 
2.152693 
2.408131 
0.861527 
1.056698 
1.541876 
1.484167 
1.241620 
0.854906 
1.046260 
1.365452 
1.341171 
0.959709 
1.653786 
0.902615 
0.947553 
1.573646 
2.142198 
1.183729 
1.244933 
1.248288 
0.568272 
1.990196 
2.390633 
1.190927 
0.726106 
1.608445 
1.020557 
0.813438 
0.447331 
1.690590 
1.106627 
2.515817 
0.686997 
1.521846 
0.864132 
1.105010 
0.727233 
1.278070 
1.063760 
1.205483 
