0.101634 
-0.267405 
0.309794 
-0.308636 
0.434540 
-0.038396 
0.169191 
0.321855 
0.152528 
0.005670 
0.315805 
0.676893 
-0.190484 
0.114862 
0.826003 
-0.077790 
-0.057606 
0.535989 
-0.077666 
0.045763 
0.395039 
0.484039 
0.027193 
-0.160034 
-0.478998 
0.457365 
0.563141 
0.528545 
0.615776 
0.139564 
0.779728 
0.406363 
1.012589 
0.669404 
0.462649 
0.733405 
0.517235 
0.921380 
0.646426 
0.688471 
0.637284 
0.366090 
0.197187 
0.318590 
0.711105 
0.267608 
0.786251 
0.839438 
0.685402 
1.324411 
0.470317 
0.573570 
0.525389 
0.795684 
0.200015 
0.564154 
0.330827 
0.400687 
0.453680 
0.529864 
0.751185 
0.281402 
0.312733 
0.623737 
0.313823 
0.696031 
0.108332 
0.379524 
0.941869 
0.817511 
1.168122 
0.428521 
0.318495 
0.547161 
0.284381 
-0.080129 
0.413242 
0.555610 
0.455952 
-0.233080 
0.405358 
0.372599 
0.423432 
-0.068367 
0.352285 
0.195291 
0.414624 
0.435413 
0.249660 
0.441058 
0.341806 
-0.043252 
-0.074631 
0.838180 
0.265541 
0.217590 
0.511144 
0.402491 
0.505725 
1.165112 
0.421599 
0.581075 
0.453489 
0.450084 
0.648286 
