0.963948 
2.030744 
0.967200 
0.874070 
0.613584 
0.384133 
0.776159 
0.098966 
0.846939 
0.768681 
0.977401 
0.807512 
0.937880 
1.128227 
0.415049 
1.626407 
1.326764 
1.736608 
1.620131 
0.984719 
0.871968 
0.765839 
0.883963 
0.461303 
1.915839 
0.651238 
0.606802 
0.690970 
0.488299 
0.613328 
0.159284 
0.782612 
-0.012332 
1.025347 
0.328667 
0.581153 
0.263773 
0.538964 
0.684953 
-0.169280 
0.395022 
0.584706 
0.787066 
0.683235 
0.699711 
0.453996 
0.112469 
0.738951 
-0.252849 
0.023221 
0.210388 
0.094907 
0.559672 
0.690240 
1.014572 
0.765062 
0.174298 
0.073351 
0.691788 
0.276462 
0.530424 
1.143975 
0.574853 
0.368287 
0.654215 
0.105989 
0.446659 
0.285796 
0.391087 
0.405816 
-0.240666 
0.888590 
0.510252 
0.987944 
0.326318 
0.451677 
0.703052 
0.176171 
0.373921 
0.357647 
0.516950 
0.932287 
1.278649 
0.664764 
0.599433 
0.666534 
0.765271 
0.506610 
0.675767 
1.143688 
1.047947 
0.758117 
0.762516 
1.281002 
0.261245 
0.863776 
0.527701 
0.333972 
0.397619 
0.553772 
0.890039 
0.555264 
1.816930 
0.246793 
0.332595 
