2.617556 
2.105715 
1.119889 
2.026356 
0.707507 
1.638080 
1.871003 
1.260663 
1.094384 
1.480113 
0.778927 
0.637560 
1.924668 
0.878868 
1.534929 
1.470085 
1.495980 
1.001955 
1.018060 
2.045888 
1.269150 
1.333332 
1.485621 
0.893116 
1.043265 
1.174381 
2.717560 
1.944510 
2.274407 
2.488027 
1.818207 
1.883592 
2.294737 
2.140708 
2.163988 
1.948796 
2.335430 
2.306411 
2.777026 
1.906857 
2.403226 
1.228565 
1.651375 
1.601622 
2.360164 
2.388494 
1.761160 
1.784434 
3.248376 
1.440073 
1.856052 
3.135799 
0.848398 
2.704903 
2.376941 
2.377327 
2.715595 
1.763383 
2.610045 
2.176254 
1.656899 
1.690464 
1.709532 
3.002932 
2.531682 
1.910400 
2.025718 
3.661710 
2.925592 
2.217715 
2.175653 
2.721300 
1.737267 
2.246441 
2.175949 
1.768884 
2.651143 
2.717259 
1.870432 
1.158753 
2.506768 
2.367550 
2.939071 
2.735769 
1.557566 
3.213056 
2.080153 
2.215989 
2.835427 
2.101010 
2.258645 
3.565452 
3.825888 
2.667561 
2.207009 
3.591846 
1.607564 
2.286430 
1.674673 
2.235375 
2.608722 
2.565862 
2.214711 
3.011270 
2.283070 
