0.911891 
2.100400 
2.138452 
1.380390 
1.861331 
1.035853 
1.281632 
2.575327 
1.371144 
2.213345 
1.587950 
2.222777 
1.204840 
2.693401 
1.708340 
1.364883 
1.515981 
1.442714 
2.370948 
2.186881 
1.681594 
2.447921 
2.306789 
1.156931 
2.144917 
1.476647 
0.576186 
0.958971 
1.022769 
1.415387 
0.968211 
0.863660 
1.165385 
0.706137 
1.110117 
1.290129 
1.249561 
1.103515 
0.825439 
1.070025 
1.145125 
1.483112 
1.851920 
1.352577 
1.715827 
1.439015 
0.590074 
0.955024 
0.755337 
0.904214 
1.192310 
0.904090 
1.379288 
0.893518 
0.687436 
1.058701 
0.424323 
1.252334 
1.274435 
1.014322 
1.590759 
1.643816 
1.879686 
1.150732 
1.714631 
1.007178 
0.713237 
0.469616 
1.482209 
1.732167 
0.932063 
0.443510 
1.221779 
0.813910 
0.427097 
0.481965 
0.614331 
2.888793 
0.905585 
0.965420 
0.720358 
1.968667 
1.410087 
1.504321 
2.072471 
1.289301 
1.208161 
1.088347 
1.181744 
0.662670 
1.186147 
1.353636 
1.038762 
0.874277 
0.664253 
1.520404 
0.888412 
0.571804 
0.758373 
0.739604 
1.362933 
0.862037 
0.507976 
1.123987 
1.835169 
