1.099836 
1.406945 
1.571502 
1.560059 
1.238747 
0.659305 
0.645343 
0.783391 
1.773595 
0.691062 
0.223152 
1.431053 
0.940749 
1.895804 
0.499509 
1.122805 
0.991982 
0.924642 
1.056145 
1.914136 
1.655444 
0.533605 
1.498565 
0.401282 
0.882392 
0.324203 
0.392548 
1.214937 
1.035368 
1.156254 
0.511143 
0.198338 
0.479822 
1.025877 
0.538150 
0.397107 
1.129297 
0.072596 
0.230485 
0.325576 
0.825488 
0.538444 
0.870577 
0.584911 
0.460377 
0.638872 
1.366888 
1.260789 
0.662272 
0.699635 
0.432548 
1.003289 
0.668046 
1.966683 
0.627873 
0.702688 
0.582355 
0.635581 
0.422985 
0.212046 
0.618063 
1.108130 
0.544994 
0.624081 
1.055365 
0.664722 
0.605362 
1.055058 
0.871396 
0.199662 
0.647475 
0.387431 
0.601344 
0.952574 
0.976473 
0.013531 
0.448081 
0.143784 
0.110301 
-0.145237 
0.112855 
0.425751 
0.957385 
-0.070381 
0.778594 
0.578866 
1.621284 
0.293640 
0.434690 
0.150008 
-0.109447 
0.127020 
0.323271 
1.120142 
0.362530 
0.637422 
0.464426 
-0.382478 
0.823502 
0.239286 
0.453294 
0.623827 
0.134146 
0.599274 
0.504371 
