1.952559 
0.899890 
1.435265 
2.099263 
1.240807 
2.115606 
2.245981 
1.572991 
1.143970 
1.984379 
2.646640 
1.479865 
1.956753 
1.974230 
1.570649 
1.952033 
2.513340 
2.439542 
2.220752 
1.607733 
0.487654 
1.578749 
3.106922 
1.432114 
1.871162 
0.691631 
0.552024 
1.748550 
1.538320 
1.067076 
0.682329 
0.707958 
0.821430 
1.394325 
0.849220 
1.052543 
1.761041 
2.011948 
0.844601 
0.813332 
1.058721 
1.345563 
1.183080 
0.809159 
1.248094 
0.764837 
1.139495 
1.037817 
0.600811 
2.061259 
1.127523 
1.480650 
1.489648 
0.757304 
1.165835 
0.334438 
0.995233 
1.153472 
0.843784 
1.541982 
1.471347 
0.942995 
1.163638 
0.820865 
1.263417 
0.590179 
1.243262 
1.146132 
1.253247 
0.834806 
1.031769 
1.558260 
0.998842 
1.740623 
1.111057 
0.824841 
0.996874 
0.881871 
0.981282 
1.657614 
0.912293 
0.978527 
1.805790 
0.776116 
2.155356 
0.445877 
1.295748 
1.213777 
0.689930 
1.243353 
0.637663 
0.862230 
0.887891 
1.009369 
0.436372 
2.838379 
0.722291 
0.711689 
1.291561 
0.321985 
0.856688 
1.149807 
1.548926 
1.078655 
1.090019 
