1.047342 
1.631408 
3.688391 
1.795934 
2.855331 
1.938083 
2.786342 
2.102340 
1.679246 
1.179441 
2.960446 
1.168983 
1.198505 
2.556910 
0.817082 
0.870527 
2.313424 
0.785314 
1.354062 
0.981098 
1.868458 
3.914298 
2.670894 
1.472579 
2.195478 
1.688670 
0.836051 
0.843421 
1.124898 
1.408381 
0.928737 
1.624002 
0.700011 
0.511449 
1.189199 
0.624551 
0.678122 
0.636583 
1.220491 
1.479670 
1.084850 
1.747601 
0.717028 
1.288240 
0.779323 
1.584360 
1.075875 
1.390470 
0.498589 
1.015931 
1.120016 
0.514258 
1.058835 
0.382759 
0.991513 
1.563288 
1.208848 
1.453832 
1.056715 
1.194534 
1.220719 
1.019903 
0.661159 
0.941758 
0.610399 
2.015691 
0.920825 
1.501038 
0.544227 
1.071130 
1.234095 
0.257143 
1.159698 
1.384416 
1.601678 
0.757595 
0.818261 
0.754529 
1.158606 
1.361144 
1.514452 
1.183031 
1.469505 
0.890270 
1.395123 
0.546207 
0.830912 
1.572140 
1.185192 
1.064398 
1.342161 
1.055623 
0.734812 
1.074315 
0.377617 
1.594649 
2.523508 
1.616941 
1.096928 
1.163317 
1.798962 
0.927340 
0.771308 
1.305390 
1.351478 
