-0.062013 
0.587996 
0.199049 
0.231238 
0.190768 
0.053392 
0.097516 
0.504200 
0.161243 
0.217791 
0.219131 
0.306941 
0.134025 
-0.214821 
-0.354815 
0.337917 
0.433798 
0.340703 
0.180293 
0.119531 
0.349932 
-0.413298 
0.910331 
-0.220607 
0.138257 
0.742149 
0.037634 
1.302518 
0.232812 
0.624036 
0.592219 
0.510560 
0.853991 
0.726002 
0.643016 
1.250967 
1.176722 
0.367561 
0.973398 
1.025570 
0.880172 
0.709287 
0.731557 
0.548985 
0.750928 
0.303145 
0.327549 
0.229333 
0.331297 
0.547789 
0.661797 
0.793434 
0.512971 
0.466473 
0.071694 
0.940797 
0.358289 
0.554973 
0.647718 
0.669498 
0.613992 
0.168765 
0.508102 
0.215366 
1.494749 
0.456065 
0.231255 
1.536603 
0.430716 
0.823285 
1.162485 
0.539489 
1.005533 
1.052319 
1.015066 
1.081104 
0.720324 
0.832945 
1.167325 
0.244226 
0.841758 
1.223221 
0.724898 
1.001148 
0.776426 
0.317026 
0.573077 
-0.097565 
0.864464 
0.760388 
0.299282 
0.800999 
0.911230 
0.650088 
0.826444 
0.715664 
0.445391 
0.947109 
0.390800 
0.433503 
1.197475 
1.097054 
1.092348 
0.851446 
0.725721 
