1.780041 
2.206741 
1.889897 
1.847099 
2.422913 
0.817343 
1.155442 
2.098750 
2.133418 
1.962078 
1.788054 
1.831072 
1.746090 
1.174314 
1.466885 
0.886365 
2.036596 
2.706714 
2.084164 
1.475175 
2.079209 
2.134145 
1.639347 
1.707607 
1.565968 
1.302312 
1.721868 
1.758525 
0.947578 
0.236768 
1.981988 
0.606491 
1.135700 
0.382735 
0.709779 
0.981556 
2.046886 
1.537989 
-0.110781 
0.791140 
0.758146 
2.049070 
1.122302 
0.360833 
1.730701 
1.351439 
1.432226 
0.664301 
1.077374 
2.011941 
0.446479 
1.887437 
0.544954 
0.707801 
2.035117 
1.342992 
0.882719 
1.377582 
0.446354 
1.414054 
1.622833 
1.367351 
0.929881 
0.707550 
0.883447 
0.423603 
1.405671 
1.354065 
0.853955 
0.471263 
0.333311 
0.545344 
0.031754 
1.761958 
0.934629 
0.883587 
1.073565 
0.546782 
1.482772 
0.701384 
-0.350309 
0.443503 
0.556712 
1.666457 
1.978945 
0.457870 
0.670917 
0.676462 
0.972565 
0.373873 
1.754032 
0.905003 
0.314053 
0.310215 
1.583391 
1.090810 
1.087239 
1.388020 
1.075123 
-0.095589 
0.785731 
1.031032 
0.850411 
0.430149 
0.319976 
