0.679858 
0.364935 
0.871012 
0.803849 
0.974048 
0.624217 
0.899031 
0.681222 
0.654954 
0.665166 
0.834221 
0.883305 
0.591328 
0.117698 
0.484306 
0.506093 
0.662984 
0.738992 
0.512061 
0.283926 
0.701283 
0.817425 
1.274470 
0.715201 
1.107603 
0.398724 
0.187056 
0.134789 
0.440112 
0.652474 
-0.038023 
-0.064400 
0.165378 
0.349164 
0.676484 
0.043931 
0.385632 
0.289360 
0.246627 
0.557357 
-0.036407 
0.442649 
0.429515 
0.157041 
0.788364 
0.380514 
1.019040 
0.374865 
0.007889 
0.041309 
0.271985 
0.151639 
0.823956 
0.001011 
0.288982 
0.361600 
0.282762 
0.299518 
-0.017854 
-0.021351 
0.475408 
0.420168 
0.530592 
-0.155620 
0.640829 
0.616723 
0.309351 
0.139498 
0.225513 
0.022215 
0.505415 
0.521683 
0.384260 
-0.189888 
0.036974 
1.045753 
0.038434 
0.178492 
0.519416 
-0.105369 
0.336448 
-0.265150 
0.567790 
-0.176983 
-0.097962 
0.425599 
0.336054 
-0.004475 
-0.007351 
0.000397 
0.209155 
0.070427 
0.337211 
0.041585 
0.182840 
0.750631 
0.089911 
0.401516 
-0.335562 
0.428607 
0.272039 
0.393595 
0.449181 
0.541600 
0.897422 
