1.018581 
1.358767 
1.611393 
1.442819 
1.485500 
2.029018 
1.169053 
1.673897 
2.093750 
1.328926 
1.543179 
1.719000 
1.888696 
1.375026 
2.092545 
1.989631 
0.885724 
3.179822 
1.631391 
1.365422 
1.045815 
1.414246 
1.291317 
1.775734 
1.332554 
1.576564 
0.647235 
0.772317 
0.565669 
1.702539 
0.697327 
0.820044 
1.166089 
1.243671 
0.569899 
0.505630 
1.540196 
1.022434 
1.008955 
1.327790 
0.988091 
0.637493 
1.384959 
1.207475 
1.656802 
1.146479 
1.904917 
0.960024 
0.622762 
0.364276 
1.121484 
0.508877 
1.551181 
0.024600 
0.145312 
0.659266 
0.324818 
1.672534 
0.473338 
1.206111 
0.554841 
1.540838 
1.200991 
0.717593 
1.158233 
1.916281 
1.329800 
0.261683 
1.403552 
1.054530 
0.662975 
0.747235 
0.804265 
0.764016 
0.796756 
1.633875 
0.563447 
1.101746 
0.252667 
0.919157 
1.210482 
1.451056 
0.737290 
0.563451 
1.415513 
0.814142 
1.138822 
0.718343 
0.313772 
0.346595 
1.262703 
-0.063635 
0.189691 
0.163849 
0.911458 
1.885984 
0.834071 
0.656186 
0.857684 
0.123849 
0.690819 
0.213056 
0.788511 
0.715519 
0.822368 
