0.671157 
0.743359 
0.704963 
0.848773 
0.839479 
1.485138 
1.038136 
0.275726 
1.075241 
0.740161 
1.130866 
0.797285 
1.137584 
0.837985 
1.327128 
1.412559 
0.744967 
0.970207 
1.040520 
0.610111 
0.294929 
0.812165 
0.702916 
1.030730 
0.790485 
0.266749 
0.305885 
0.742777 
0.259455 
0.812253 
0.497271 
0.084106 
0.742362 
0.631280 
0.141180 
0.245156 
0.989250 
0.557587 
0.336817 
0.481134 
0.517947 
0.643658 
0.681814 
0.446876 
0.537618 
0.116953 
0.570830 
0.286402 
0.540482 
0.398107 
0.651241 
0.755530 
0.826023 
0.235313 
0.034797 
0.227157 
0.341449 
0.289146 
0.261627 
0.489775 
0.465921 
0.499957 
0.577061 
-0.056670 
0.491895 
0.225215 
0.363720 
0.498271 
0.811058 
0.090460 
0.602389 
0.844770 
0.683647 
0.518015 
0.302351 
0.615899 
0.590902 
0.697813 
0.552481 
0.847766 
0.757310 
0.286100 
0.775788 
0.492555 
0.521652 
0.103354 
0.228398 
0.318798 
0.424172 
0.256787 
0.321831 
0.306947 
0.448347 
0.487552 
0.289258 
1.696354 
0.527007 
0.437252 
0.364109 
0.034348 
0.521973 
0.811009 
0.416626 
0.662773 
0.580574 
