0.443734 
0.716732 
0.745246 
0.847184 
0.961881 
0.856392 
0.784807 
0.764877 
0.616070 
0.494059 
1.135318 
0.969477 
0.508182 
0.678380 
0.981688 
0.564769 
0.247969 
0.648034 
0.651075 
0.535947 
0.524970 
0.542111 
0.970714 
0.442573 
1.110124 
0.599008 
0.343170 
0.341522 
0.214448 
0.660413 
0.689063 
0.436827 
-0.013854 
0.135044 
0.087865 
0.215766 
0.118786 
-0.001894 
0.137545 
0.676970 
0.218461 
-0.020002 
0.496237 
0.400014 
0.494488 
0.251532 
0.366733 
0.137276 
0.405196 
0.007120 
0.428451 
0.003265 
0.398755 
0.186208 
0.077942 
0.173857 
0.243799 
-0.004860 
0.204868 
0.780382 
0.073123 
0.495180 
0.585281 
0.446782 
0.407130 
0.445007 
0.159457 
0.554392 
0.365134 
0.168028 
-0.123748 
0.488176 
0.215532 
0.202638 
0.106420 
0.783583 
0.419462 
0.469051 
-0.031464 
0.081535 
-0.055347 
0.504985 
-0.005097 
0.217926 
0.624243 
0.197046 
0.420137 
0.288436 
0.222461 
-0.211780 
0.921064 
0.065852 
0.141602 
-0.210007 
0.491806 
0.010435 
0.322953 
0.449853 
0.623378 
0.315765 
0.142905 
0.005433 
0.580436 
0.491013 
0.512337 
