1.805297 
1.506961 
1.572899 
1.138613 
1.580330 
1.185717 
1.202728 
1.223315 
1.819354 
1.587254 
1.365960 
1.635627 
1.893054 
2.129896 
1.052544 
1.408767 
1.546872 
1.858861 
1.174132 
1.425561 
1.306518 
1.672516 
1.606419 
1.385872 
1.439160 
1.582881 
2.562576 
1.936256 
2.192322 
1.976475 
1.351430 
2.313257 
2.012188 
1.939652 
2.104302 
2.007081 
1.685773 
1.710407 
2.418031 
1.619602 
2.178364 
1.689814 
1.979207 
1.916651 
1.989031 
2.222556 
2.164756 
1.614536 
1.939833 
2.359434 
2.538657 
1.815019 
1.416450 
2.158970 
1.714033 
2.168077 
1.720199 
2.136094 
1.970481 
1.486606 
1.862856 
1.942619 
1.969521 
2.366952 
1.776355 
1.566858 
1.789048 
1.794325 
2.659584 
1.253084 
2.497639 
1.729399 
1.903617 
1.442507 
1.721515 
2.105482 
1.462688 
1.474227 
1.476130 
1.849229 
2.376052 
1.705067 
1.649538 
2.053691 
1.854602 
2.101383 
1.899270 
2.407465 
2.190337 
2.387026 
1.858892 
2.459193 
1.959242 
2.181715 
1.363959 
1.518928 
2.146318 
1.660654 
2.146162 
1.242567 
2.124597 
2.475730 
2.322834 
1.999449 
2.558347 
