0.321559 
0.312913 
0.410279 
0.477603 
0.068174 
0.591855 
0.313500 
0.582294 
0.585986 
0.546582 
0.408545 
0.606987 
0.322735 
0.371181 
0.503671 
0.659692 
0.856775 
0.194617 
0.645277 
0.457109 
0.868124 
0.278593 
0.891119 
0.770533 
-0.109994 
0.486191 
1.506213 
0.967257 
0.789403 
0.958384 
0.459553 
1.383329 
1.545162 
0.658984 
0.486146 
1.283115 
0.903838 
1.594979 
1.785486 
0.885309 
1.008184 
0.661510 
0.745876 
1.190262 
0.513086 
0.772225 
1.746705 
0.990166 
1.848605 
1.145154 
0.554805 
0.507058 
1.274569 
1.508219 
0.650690 
1.540118 
0.833644 
1.636295 
1.054617 
0.915111 
0.870924 
1.152631 
1.204109 
1.444030 
0.622813 
0.317951 
1.167636 
0.634001 
0.786006 
0.467639 
2.149558 
0.478924 
1.087903 
0.951944 
1.714369 
0.629383 
1.244989 
0.047507 
1.204205 
1.018042 
1.211052 
1.040211 
0.769399 
0.962089 
0.832576 
1.034852 
1.337577 
1.024234 
1.529438 
1.401039 
1.185935 
1.659008 
0.743893 
0.947255 
1.112501 
0.413394 
0.566717 
1.403942 
0.768780 
0.994630 
1.148369 
1.398163 
0.680857 
0.877148 
0.689756 
