1.011666 
2.156383 
2.696519 
2.139443 
2.617817 
2.239370 
2.501348 
2.521368 
2.356359 
2.143019 
3.126049 
2.771714 
2.462843 
2.127746 
2.225609 
2.178310 
2.457588 
2.949760 
2.938775 
1.533221 
2.266303 
2.597028 
2.405873 
2.179173 
2.625379 
2.060230 
1.332030 
1.823574 
1.759979 
1.842993 
2.175160 
1.530821 
1.292205 
1.316082 
1.830004 
1.452651 
1.745929 
1.465572 
1.475704 
1.839582 
0.606231 
1.330856 
1.380541 
1.419252 
1.974263 
1.708350 
1.635264 
2.004015 
1.021357 
1.644642 
1.674852 
1.558446 
2.237315 
1.443001 
1.562009 
2.046621 
0.912681 
1.722096 
1.492111 
2.273248 
1.136821 
2.059638 
1.612744 
1.190533 
1.197009 
1.954049 
1.604307 
1.512842 
1.860811 
1.404387 
0.991831 
1.227868 
1.009702 
1.440696 
1.289983 
1.319307 
0.624406 
1.466949 
1.725848 
1.305945 
1.121575 
0.890327 
1.670332 
1.653447 
1.505335 
0.825856 
1.993513 
1.826270 
1.325092 
1.087082 
1.475026 
0.814436 
0.805159 
1.239600 
1.656146 
1.287104 
1.666066 
0.949466 
1.569682 
1.640955 
1.020193 
1.382435 
2.119031 
1.186660 
1.389689 
